484
-5.0000e+00	-5.0000e+00
-4.5238e+00	-5.0000e+00
-4.0476e+00	-5.0000e+00
-3.5714e+00	-5.0000e+00
-3.0952e+00	-5.0000e+00
-2.6190e+00	-5.0000e+00
-2.1429e+00	-5.0000e+00
-1.6667e+00	-5.0000e+00
-1.1905e+00	-5.0000e+00
-7.1429e-01	-5.0000e+00
-2.3810e-01	-5.0000e+00
+2.3810e-01	-5.0000e+00
+7.1429e-01	-5.0000e+00
+1.1905e+00	-5.0000e+00
+1.6667e+00	-5.0000e+00
+2.1429e+00	-5.0000e+00
+2.6190e+00	-5.0000e+00
+3.0952e+00	-5.0000e+00
+3.5714e+00	-5.0000e+00
+4.0476e+00	-5.0000e+00
+4.5238e+00	-5.0000e+00
+5.0000e+00	-5.0000e+00
-5.0000e+00	-4.5238e+00
-4.5238e+00	-4.5238e+00
-4.0476e+00	-4.5238e+00
-3.5714e+00	-4.5238e+00
-3.0952e+00	-4.5238e+00
-2.6190e+00	-4.5238e+00
-2.1429e+00	-4.5238e+00
-1.6667e+00	-4.5238e+00
-1.1905e+00	-4.5238e+00
-7.1429e-01	-4.5238e+00
-2.3810e-01	-4.5238e+00
+2.3810e-01	-4.5238e+00
+7.1429e-01	-4.5238e+00
+1.1905e+00	-4.5238e+00
+1.6667e+00	-4.5238e+00
+2.1429e+00	-4.5238e+00
+2.6190e+00	-4.5238e+00
+3.0952e+00	-4.5238e+00
+3.5714e+00	-4.5238e+00
+4.0476e+00	-4.5238e+00
+4.5238e+00	-4.5238e+00
+5.0000e+00	-4.5238e+00
-5.0000e+00	-4.0476e+00
-4.5238e+00	-4.0476e+00
-4.0476e+00	-4.0476e+00
-3.5714e+00	-4.0476e+00
-3.0952e+00	-4.0476e+00
-2.6190e+00	-4.0476e+00
-2.1429e+00	-4.0476e+00
-1.6667e+00	-4.0476e+00
-1.1905e+00	-4.0476e+00
-7.1429e-01	-4.0476e+00
-2.3810e-01	-4.0476e+00
+2.3810e-01	-4.0476e+00
+7.1429e-01	-4.0476e+00
+1.1905e+00	-4.0476e+00
+1.6667e+00	-4.0476e+00
+2.1429e+00	-4.0476e+00
+2.6190e+00	-4.0476e+00
+3.0952e+00	-4.0476e+00
+3.5714e+00	-4.0476e+00
+4.0476e+00	-4.0476e+00
+4.5238e+00	-4.0476e+00
+5.0000e+00	-4.0476e+00
-5.0000e+00	-3.5714e+00
-4.5238e+00	-3.5714e+00
-4.0476e+00	-3.5714e+00
-3.5714e+00	-3.5714e+00
-3.0952e+00	-3.5714e+00
-2.6190e+00	-3.5714e+00
-2.1429e+00	-3.5714e+00
-1.6667e+00	-3.5714e+00
-1.1905e+00	-3.5714e+00
-7.1429e-01	-3.5714e+00
-2.3810e-01	-3.5714e+00
+2.3810e-01	-3.5714e+00
+7.1429e-01	-3.5714e+00
+1.1905e+00	-3.5714e+00
+1.6667e+00	-3.5714e+00
+2.1429e+00	-3.5714e+00
+2.6190e+00	-3.5714e+00
+3.0952e+00	-3.5714e+00
+3.5714e+00	-3.5714e+00
+4.0476e+00	-3.5714e+00
+4.5238e+00	-3.5714e+00
+5.0000e+00	-3.5714e+00
-5.0000e+00	-3.0952e+00
-4.5238e+00	-3.0952e+00
-4.0476e+00	-3.0952e+00
-3.5714e+00	-3.0952e+00
-3.0952e+00	-3.0952e+00
-2.6190e+00	-3.0952e+00
-2.1429e+00	-3.0952e+00
-1.6667e+00	-3.0952e+00
-1.1905e+00	-3.0952e+00
-7.1429e-01	-3.0952e+00
-2.3810e-01	-3.0952e+00
+2.3810e-01	-3.0952e+00
+7.1429e-01	-3.0952e+00
+1.1905e+00	-3.0952e+00
+1.6667e+00	-3.0952e+00
+2.1429e+00	-3.0952e+00
+2.6190e+00	-3.0952e+00
+3.0952e+00	-3.0952e+00
+3.5714e+00	-3.0952e+00
+4.0476e+00	-3.0952e+00
+4.5238e+00	-3.0952e+00
+5.0000e+00	-3.0952e+00
-5.0000e+00	-2.6190e+00
-4.5238e+00	-2.6190e+00
-4.0476e+00	-2.6190e+00
-3.5714e+00	-2.6190e+00
-3.0952e+00	-2.6190e+00
-2.6190e+00	-2.6190e+00
-2.1429e+00	-2.6190e+00
-1.6667e+00	-2.6190e+00
-1.1905e+00	-2.6190e+00
-7.1429e-01	-2.6190e+00
-2.3810e-01	-2.6190e+00
+2.3810e-01	-2.6190e+00
+7.1429e-01	-2.6190e+00
+1.1905e+00	-2.6190e+00
+1.6667e+00	-2.6190e+00
+2.1429e+00	-2.6190e+00
+2.6190e+00	-2.6190e+00
+3.0952e+00	-2.6190e+00
+3.5714e+00	-2.6190e+00
+4.0476e+00	-2.6190e+00
+4.5238e+00	-2.6190e+00
+5.0000e+00	-2.6190e+00
-5.0000e+00	-2.1429e+00
-4.5238e+00	-2.1429e+00
-4.0476e+00	-2.1429e+00
-3.5714e+00	-2.1429e+00
-3.0952e+00	-2.1429e+00
-2.6190e+00	-2.1429e+00
-2.1429e+00	-2.1429e+00
-1.6667e+00	-2.1429e+00
-1.1905e+00	-2.1429e+00
-7.1429e-01	-2.1429e+00
-2.3810e-01	-2.1429e+00
+2.3810e-01	-2.1429e+00
+7.1429e-01	-2.1429e+00
+1.1905e+00	-2.1429e+00
+1.6667e+00	-2.1429e+00
+2.1429e+00	-2.1429e+00
+2.6190e+00	-2.1429e+00
+3.0952e+00	-2.1429e+00
+3.5714e+00	-2.1429e+00
+4.0476e+00	-2.1429e+00
+4.5238e+00	-2.1429e+00
+5.0000e+00	-2.1429e+00
-5.0000e+00	-1.6667e+00
-4.5238e+00	-1.6667e+00
-4.0476e+00	-1.6667e+00
-3.5714e+00	-1.6667e+00
-3.0952e+00	-1.6667e+00
-2.6190e+00	-1.6667e+00
-2.1429e+00	-1.6667e+00
-1.6667e+00	-1.6667e+00
-1.1905e+00	-1.6667e+00
-7.1429e-01	-1.6667e+00
-2.3810e-01	-1.6667e+00
+2.3810e-01	-1.6667e+00
+7.1429e-01	-1.6667e+00
+1.1905e+00	-1.6667e+00
+1.6667e+00	-1.6667e+00
+2.1429e+00	-1.6667e+00
+2.6190e+00	-1.6667e+00
+3.0952e+00	-1.6667e+00
+3.5714e+00	-1.6667e+00
+4.0476e+00	-1.6667e+00
+4.5238e+00	-1.6667e+00
+5.0000e+00	-1.6667e+00
-5.0000e+00	-1.1905e+00
-4.5238e+00	-1.1905e+00
-4.0476e+00	-1.1905e+00
-3.5714e+00	-1.1905e+00
-3.0952e+00	-1.1905e+00
-2.6190e+00	-1.1905e+00
-2.1429e+00	-1.1905e+00
-1.6667e+00	-1.1905e+00
-1.1905e+00	-1.1905e+00
-7.1429e-01	-1.1905e+00
-2.3810e-01	-1.1905e+00
+2.3810e-01	-1.1905e+00
+7.1429e-01	-1.1905e+00
+1.1905e+00	-1.1905e+00
+1.6667e+00	-1.1905e+00
+2.1429e+00	-1.1905e+00
+2.6190e+00	-1.1905e+00
+3.0952e+00	-1.1905e+00
+3.5714e+00	-1.1905e+00
+4.0476e+00	-1.1905e+00
+4.5238e+00	-1.1905e+00
+5.0000e+00	-1.1905e+00
-5.0000e+00	-7.1429e-01
-4.5238e+00	-7.1429e-01
-4.0476e+00	-7.1429e-01
-3.5714e+00	-7.1429e-01
-3.0952e+00	-7.1429e-01
-2.6190e+00	-7.1429e-01
-2.1429e+00	-7.1429e-01
-1.6667e+00	-7.1429e-01
-1.1905e+00	-7.1429e-01
-7.1429e-01	-7.1429e-01
-2.3810e-01	-7.1429e-01
+2.3810e-01	-7.1429e-01
+7.1429e-01	-7.1429e-01
+1.1905e+00	-7.1429e-01
+1.6667e+00	-7.1429e-01
+2.1429e+00	-7.1429e-01
+2.6190e+00	-7.1429e-01
+3.0952e+00	-7.1429e-01
+3.5714e+00	-7.1429e-01
+4.0476e+00	-7.1429e-01
+4.5238e+00	-7.1429e-01
+5.0000e+00	-7.1429e-01
-5.0000e+00	-2.3810e-01
-4.5238e+00	-2.3810e-01
-4.0476e+00	-2.3810e-01
-3.5714e+00	-2.3810e-01
-3.0952e+00	-2.3810e-01
-2.6190e+00	-2.3810e-01
-2.1429e+00	-2.3810e-01
-1.6667e+00	-2.3810e-01
-1.1905e+00	-2.3810e-01
-7.1429e-01	-2.3810e-01
-2.3810e-01	-2.3810e-01
+2.3810e-01	-2.3810e-01
+7.1429e-01	-2.3810e-01
+1.1905e+00	-2.3810e-01
+1.6667e+00	-2.3810e-01
+2.1429e+00	-2.3810e-01
+2.6190e+00	-2.3810e-01
+3.0952e+00	-2.3810e-01
+3.5714e+00	-2.3810e-01
+4.0476e+00	-2.3810e-01
+4.5238e+00	-2.3810e-01
+5.0000e+00	-2.3810e-01
-5.0000e+00	+2.3810e-01
-4.5238e+00	+2.3810e-01
-4.0476e+00	+2.3810e-01
-3.5714e+00	+2.3810e-01
-3.0952e+00	+2.3810e-01
-2.6190e+00	+2.3810e-01
-2.1429e+00	+2.3810e-01
-1.6667e+00	+2.3810e-01
-1.1905e+00	+2.3810e-01
-7.1429e-01	+2.3810e-01
-2.3810e-01	+2.3810e-01
+2.3810e-01	+2.3810e-01
+7.1429e-01	+2.3810e-01
+1.1905e+00	+2.3810e-01
+1.6667e+00	+2.3810e-01
+2.1429e+00	+2.3810e-01
+2.6190e+00	+2.3810e-01
+3.0952e+00	+2.3810e-01
+3.5714e+00	+2.3810e-01
+4.0476e+00	+2.3810e-01
+4.5238e+00	+2.3810e-01
+5.0000e+00	+2.3810e-01
-5.0000e+00	+7.1429e-01
-4.5238e+00	+7.1429e-01
-4.0476e+00	+7.1429e-01
-3.5714e+00	+7.1429e-01
-3.0952e+00	+7.1429e-01
-2.6190e+00	+7.1429e-01
-2.1429e+00	+7.1429e-01
-1.6667e+00	+7.1429e-01
-1.1905e+00	+7.1429e-01
-7.1429e-01	+7.1429e-01
-2.3810e-01	+7.1429e-01
+2.3810e-01	+7.1429e-01
+7.1429e-01	+7.1429e-01
+1.1905e+00	+7.1429e-01
+1.6667e+00	+7.1429e-01
+2.1429e+00	+7.1429e-01
+2.6190e+00	+7.1429e-01
+3.0952e+00	+7.1429e-01
+3.5714e+00	+7.1429e-01
+4.0476e+00	+7.1429e-01
+4.5238e+00	+7.1429e-01
+5.0000e+00	+7.1429e-01
-5.0000e+00	+1.1905e+00
-4.5238e+00	+1.1905e+00
-4.0476e+00	+1.1905e+00
-3.5714e+00	+1.1905e+00
-3.0952e+00	+1.1905e+00
-2.6190e+00	+1.1905e+00
-2.1429e+00	+1.1905e+00
-1.6667e+00	+1.1905e+00
-1.1905e+00	+1.1905e+00
-7.1429e-01	+1.1905e+00
-2.3810e-01	+1.1905e+00
+2.3810e-01	+1.1905e+00
+7.1429e-01	+1.1905e+00
+1.1905e+00	+1.1905e+00
+1.6667e+00	+1.1905e+00
+2.1429e+00	+1.1905e+00
+2.6190e+00	+1.1905e+00
+3.0952e+00	+1.1905e+00
+3.5714e+00	+1.1905e+00
+4.0476e+00	+1.1905e+00
+4.5238e+00	+1.1905e+00
+5.0000e+00	+1.1905e+00
-5.0000e+00	+1.6667e+00
-4.5238e+00	+1.6667e+00
-4.0476e+00	+1.6667e+00
-3.5714e+00	+1.6667e+00
-3.0952e+00	+1.6667e+00
-2.6190e+00	+1.6667e+00
-2.1429e+00	+1.6667e+00
-1.6667e+00	+1.6667e+00
-1.1905e+00	+1.6667e+00
-7.1429e-01	+1.6667e+00
-2.3810e-01	+1.6667e+00
+2.3810e-01	+1.6667e+00
+7.1429e-01	+1.6667e+00
+1.1905e+00	+1.6667e+00
+1.6667e+00	+1.6667e+00
+2.1429e+00	+1.6667e+00
+2.6190e+00	+1.6667e+00
+3.0952e+00	+1.6667e+00
+3.5714e+00	+1.6667e+00
+4.0476e+00	+1.6667e+00
+4.5238e+00	+1.6667e+00
+5.0000e+00	+1.6667e+00
-5.0000e+00	+2.1429e+00
-4.5238e+00	+2.1429e+00
-4.0476e+00	+2.1429e+00
-3.5714e+00	+2.1429e+00
-3.0952e+00	+2.1429e+00
-2.6190e+00	+2.1429e+00
-2.1429e+00	+2.1429e+00
-1.6667e+00	+2.1429e+00
-1.1905e+00	+2.1429e+00
-7.1429e-01	+2.1429e+00
-2.3810e-01	+2.1429e+00
+2.3810e-01	+2.1429e+00
+7.1429e-01	+2.1429e+00
+1.1905e+00	+2.1429e+00
+1.6667e+00	+2.1429e+00
+2.1429e+00	+2.1429e+00
+2.6190e+00	+2.1429e+00
+3.0952e+00	+2.1429e+00
+3.5714e+00	+2.1429e+00
+4.0476e+00	+2.1429e+00
+4.5238e+00	+2.1429e+00
+5.0000e+00	+2.1429e+00
-5.0000e+00	+2.6190e+00
-4.5238e+00	+2.6190e+00
-4.0476e+00	+2.6190e+00
-3.5714e+00	+2.6190e+00
-3.0952e+00	+2.6190e+00
-2.6190e+00	+2.6190e+00
-2.1429e+00	+2.6190e+00
-1.6667e+00	+2.6190e+00
-1.1905e+00	+2.6190e+00
-7.1429e-01	+2.6190e+00
-2.3810e-01	+2.6190e+00
+2.3810e-01	+2.6190e+00
+7.1429e-01	+2.6190e+00
+1.1905e+00	+2.6190e+00
+1.6667e+00	+2.6190e+00
+2.1429e+00	+2.6190e+00
+2.6190e+00	+2.6190e+00
+3.0952e+00	+2.6190e+00
+3.5714e+00	+2.6190e+00
+4.0476e+00	+2.6190e+00
+4.5238e+00	+2.6190e+00
+5.0000e+00	+2.6190e+00
-5.0000e+00	+3.0952e+00
-4.5238e+00	+3.0952e+00
-4.0476e+00	+3.0952e+00
-3.5714e+00	+3.0952e+00
-3.0952e+00	+3.0952e+00
-2.6190e+00	+3.0952e+00
-2.1429e+00	+3.0952e+00
-1.6667e+00	+3.0952e+00
-1.1905e+00	+3.0952e+00
-7.1429e-01	+3.0952e+00
-2.3810e-01	+3.0952e+00
+2.3810e-01	+3.0952e+00
+7.1429e-01	+3.0952e+00
+1.1905e+00	+3.0952e+00
+1.6667e+00	+3.0952e+00
+2.1429e+00	+3.0952e+00
+2.6190e+00	+3.0952e+00
+3.0952e+00	+3.0952e+00
+3.5714e+00	+3.0952e+00
+4.0476e+00	+3.0952e+00
+4.5238e+00	+3.0952e+00
+5.0000e+00	+3.0952e+00
-5.0000e+00	+3.5714e+00
-4.5238e+00	+3.5714e+00
-4.0476e+00	+3.5714e+00
-3.5714e+00	+3.5714e+00
-3.0952e+00	+3.5714e+00
-2.6190e+00	+3.5714e+00
-2.1429e+00	+3.5714e+00
-1.6667e+00	+3.5714e+00
-1.1905e+00	+3.5714e+00
-7.1429e-01	+3.5714e+00
-2.3810e-01	+3.5714e+00
+2.3810e-01	+3.5714e+00
+7.1429e-01	+3.5714e+00
+1.1905e+00	+3.5714e+00
+1.6667e+00	+3.5714e+00
+2.1429e+00	+3.5714e+00
+2.6190e+00	+3.5714e+00
+3.0952e+00	+3.5714e+00
+3.5714e+00	+3.5714e+00
+4.0476e+00	+3.5714e+00
+4.5238e+00	+3.5714e+00
+5.0000e+00	+3.5714e+00
-5.0000e+00	+4.0476e+00
-4.5238e+00	+4.0476e+00
-4.0476e+00	+4.0476e+00
-3.5714e+00	+4.0476e+00
-3.0952e+00	+4.0476e+00
-2.6190e+00	+4.0476e+00
-2.1429e+00	+4.0476e+00
-1.6667e+00	+4.0476e+00
-1.1905e+00	+4.0476e+00
-7.1429e-01	+4.0476e+00
-2.3810e-01	+4.0476e+00
+2.3810e-01	+4.0476e+00
+7.1429e-01	+4.0476e+00
+1.1905e+00	+4.0476e+00
+1.6667e+00	+4.0476e+00
+2.1429e+00	+4.0476e+00
+2.6190e+00	+4.0476e+00
+3.0952e+00	+4.0476e+00
+3.5714e+00	+4.0476e+00
+4.0476e+00	+4.0476e+00
+4.5238e+00	+4.0476e+00
+5.0000e+00	+4.0476e+00
-5.0000e+00	+4.5238e+00
-4.5238e+00	+4.5238e+00
-4.0476e+00	+4.5238e+00
-3.5714e+00	+4.5238e+00
-3.0952e+00	+4.5238e+00
-2.6190e+00	+4.5238e+00
-2.1429e+00	+4.5238e+00
-1.6667e+00	+4.5238e+00
-1.1905e+00	+4.5238e+00
-7.1429e-01	+4.5238e+00
-2.3810e-01	+4.5238e+00
+2.3810e-01	+4.5238e+00
+7.1429e-01	+4.5238e+00
+1.1905e+00	+4.5238e+00
+1.6667e+00	+4.5238e+00
+2.1429e+00	+4.5238e+00
+2.6190e+00	+4.5238e+00
+3.0952e+00	+4.5238e+00
+3.5714e+00	+4.5238e+00
+4.0476e+00	+4.5238e+00
+4.5238e+00	+4.5238e+00
+5.0000e+00	+4.5238e+00
-5.0000e+00	+5.0000e+00
-4.5238e+00	+5.0000e+00
-4.0476e+00	+5.0000e+00
-3.5714e+00	+5.0000e+00
-3.0952e+00	+5.0000e+00
-2.6190e+00	+5.0000e+00
-2.1429e+00	+5.0000e+00
-1.6667e+00	+5.0000e+00
-1.1905e+00	+5.0000e+00
-7.1429e-01	+5.0000e+00
-2.3810e-01	+5.0000e+00
+2.3810e-01	+5.0000e+00
+7.1429e-01	+5.0000e+00
+1.1905e+00	+5.0000e+00
+1.6667e+00	+5.0000e+00
+2.1429e+00	+5.0000e+00
+2.6190e+00	+5.0000e+00
+3.0952e+00	+5.0000e+00
+3.5714e+00	+5.0000e+00
+4.0476e+00	+5.0000e+00
+4.5238e+00	+5.0000e+00
+5.0000e+00	+5.0000e+00
